NewTest[[ 5.96375948e-14  8.82604030e+02]
 [ 3.00000000e+02  4.63985350e-14]
 [ 6.00000000e+02 -3.76847561e-14]
 [ 9.00000000e+02  0.00000000e+00]
 [ 1.20000000e+03  0.00000000e+00]
 [ 0.00000000e+00  3.00000000e+02]
 [ 3.00000000e+02  3.00000000e+02]
 [ 6.00000000e+02  3.00000000e+02]
 [ 9.00000000e+02  3.00000000e+02]
 [ 1.20000000e+03  3.00000000e+02]
 [ 0.00000000e+00  6.00000000e+02]
 [ 3.00000000e+02  6.00000000e+02]
 [ 6.00000000e+02  6.00000000e+02]
 [ 9.00000000e+02  6.00000000e+02]
 [ 1.20000000e+03  6.00000000e+02]
 [ 0.00000000e+00  9.00000000e+02]
 [ 3.00000000e+02  9.00000000e+02]
 [ 1.06635458e+03  1.35446671e+03]
 [ 9.00000000e+02  9.00000000e+02]
 [ 1.20000000e+03  9.00000000e+02]
 [ 1.74422385e+03  1.35933482e+03]
 [ 3.00000000e+02  1.20000000e+03]
 [ 6.00000000e+02  1.20000000e+03]
 [ 9.00000000e+02  1.20000000e+03]
 [ 1.20000000e+03  1.20000000e+03]]NewTest[[4.13861805e-13 4.38862998e+02]
 [3.00000000e+02 4.50846765e-14]
 [6.00000000e+02 0.00000000e+00]
 [9.00000000e+02 0.00000000e+00]
 [1.20000000e+03 0.00000000e+00]
 [0.00000000e+00 3.00000000e+02]
 [3.00000000e+02 3.00000000e+02]
 [6.00000000e+02 3.00000000e+02]
 [9.00000000e+02 3.00000000e+02]
 [1.20000000e+03 3.00000000e+02]
 [0.00000000e+00 6.00000000e+02]
 [3.00000000e+02 6.00000000e+02]
 [6.00000000e+02 6.00000000e+02]
 [1.22940240e+03 5.24509607e+02]
 [1.20000000e+03 6.00000000e+02]
 [0.00000000e+00 9.00000000e+02]
 [3.00000000e+02 9.00000000e+02]
 [2.08940601e+03 1.44294725e+03]
 [9.00000000e+02 9.00000000e+02]
 [1.20000000e+03 9.00000000e+02]
 [2.71252960e+03 1.70066802e+03]
 [3.00000000e+02 1.20000000e+03]
 [6.00000000e+02 1.20000000e+03]
 [9.00000000e+02 1.20000000e+03]
 [1.20000000e+03 1.20000000e+03]]